# Logisim PLA program table
xxxxxxxxx0000 000000000000000000000000000000000000000000000001000101001100000
xxxxxxxxx0001 000000000000000000000000000000000000000000000000001000010000000
0000000000010 000000000000000000000000000000000000000000000001000101001100000
0000000000011 000000000000000000000000000000000000000000000000001000010000000
0000000000010 000000000000000000000000100000001001001001000000000000001000000
0000000000011 000000000000000000000000011000000000000000000010100000000100000
0000000000100 010000000000000000000001000000001000010100000000000000000000000
0000000000101 000000000000000000000000011100000000000010000000000010001000000
0000000000110 010000000000000000000001000000001000010100000000000000000000000
0000000000111 000000000000000100000000011100000000000010000000000000001000000
0000000001000 010000000000000000000001000000001000010100000000000000000000000
0000000001001 000000000000000000000000011000000000000010000000000000000000000
0000000001010 000000000000000000000000000000000000000000000000000000100000010
0000000001011 000000000000000000000000000000000000000000000000010000000000100
0000000010000 100000000000000000000000000000000000000000000000000000000000000
1010000000010 000000000000000000000000000000000000000000000001000101001100000
1010000000011 000000000000000000000000000000000000000000000000001000010000000
1010000000011 001000000010000000000000100000001000010000000000000000000000001
1010000000100 000000000000000001000000011000000000000000000000000000000000000
1010000010000 100000000000000000000000000000000000000000000000000000000000000
1010001000010 000000000000000000000000000000000000000000000001000101001100000
1010001000011 000000000000000000000000000000000000000000000000001000010000000
1010001000011 001000000010000000000000100000001000010000000000000000000000001
1010001000100 000000000000000000010000011000000000000000000000000000000000000
1010001010000 100000000000000000000000000000000000000000000000000000000000000
1010010100010 000000000000000000000000000000000000000000000001000101001100000
1010010100011 000000000000000000000000000000000000000000000000001000011111010
1010010100100 001000000010000000000000100000001000010000000000000000000000001
1010010100101 000000000000000000000010011000000000000000000000000000000000000
1010010110000 100000000000000000000000000000000000000000000000000000000000000
1010100100010 000000000000000000000000000000000000000000000001000101001100000
1010100100011 000000000000000000000000000000000000000000000000001000010000000
1010100100011 001000000010000000000000100000001000010000000000000000000000001
1010100100100 000000000000000000000010011000000000000000000000000000000000000
1010100110000 100000000000000000000000000000000000000000000000000000000000000
1010110100010 000000000000000000000000000000000000000000000001000101001100000
1010110100011 000000000000000000000000100000001000010000000001001101011100001
1010110100100 000000000000000000000000000100000000000000000000001000011100100
1010110100101 001000000010000000000000100000001000010000000000000000000000001
1010110100110 000000000000000000000010011000000000000000000000000000000000000
1010110110000 100000000000000000000000000000000000000000000000000000000000000
1011110100010 000000000000000000000000000000000000000000000001000101001100000
1011110100011 000000000000100000100001000000001000010000000001001101011100001
1011110100100 000000000000000000000000100100001000010000000000001000011000001
1011110100101 000000000000001000000000011000000000000000000010000000000100000
1011110100110 001000000010000000000000100000001000010000000000000000000000001
1011110100111 000000000000000000000010011000000000000000000000000000000000000
1011110110000 100000000000000000000000000000000000000000000000000000000000000
1011100100010 000000000000000000000000000000000000000000000001000101001100000
1011100100011 000000000000100010000001000000001000010000000001001101011100001
1011100100100 000000000000000000000000100100001000010000000000001000011000001
1011100100101 000000000000001000000000011000000000000000000010000000000100000
1011100100110 001000000010000000000000100000001000010000000000000000000000001
1011100100111 000000000000000000000010011000000000000000000000000000000000000
1011100110000 100000000000000000000000000000000000000000000000000000000000000
1000110100010 000000000000000000000000000000000000000000000001000101001100000
1000110100011 000000000000000000000000100000001000010000000001001101011100001
1000110100100 000000000000000000000000000100000000000000000000001000011100100
1000110100100 000000000000000000000100000000000000000000000000000000000000000
1000110100101 010000000000000000000000000000000000000000000000000000000000000
1000110110000 100000000000000000000000000000000000000000000000000000000000000
1001010100010 000000000000000000000000000000000000000000000001000101001100000
1001010100011 000000000000000000100001000000001000010000000000001000010111001
1001010100100 000000000000000000000000000100000000000000000000000000001000000
1001010100100 000000000000000000000100000000000000000000000000000000000000000
1001010100101 010000000000000000000000000000000000000000000000000000000000000
1001010110000 100000000000000000000000000000000000000000000000000000000000000
1000111000010 000000000000000000000000000000000000000000000001000101001100000
1000111000011 000000000000000000000000100000001000010000000001001101011100001
1000111000100 000000000000000000000000000100000000000000000000001000011100100
1000111000100 000000000000000000100000000000000000000000000100000000000000000
1000111000101 010000000000000000000000000000000000000000000000000000000000000
1000111010000 100000000000000000000000000000000000000000000000000000000000000
1000011000010 000000000000000000000000000000000000000000000001000101001100000
1000011000011 000000000000000000000000000000000000000000000000001000011111010
1000011000011 000000000000000000100000000000000000000000000100000000000000000
1000011000100 010000000000000000000000000000000000000000000000000000000000000
1000011010000 100000000000000000000000000000000000000000000000000000000000000
1000110000010 000000000000000000000000000000000000000000000001000101001100000
1000110000011 000000000000000000000000100000001000010000000001001101011100001
1000110000100 000000000000000000000000000100000000000000000000001000011100100
1000110000100 000000000000000010000000000000000000000000000100000000000000000
1000110000101 010000000000000000000000000000000000000000000000000000000000000
1000110010000 100000000000000000000000000000000000000000000000000000000000000
1000010000010 000000000000000000000000000000000000000000000001000101001100000
1000010000011 000000000000000000000000000000000000000000000000001000011111010
1000010000011 000000000000000010000000000000000000000000000100000000000000000
1000010000100 010000000000000000000000000000000000000000000000000000000000000
1000010010000 100000000000000000000000000000000000000000000000000000000000000
1011101000010 000000000000000000000000000000000000000000000001000101001100000
1011101000011 000000000000000000000000000000000000000000000000001000010000000
1011101000011 001000000010000000100000000000000000000010000100000000000000000
1011101010000 100000000000000000000000000000000000000000000000000000000000000
1001101000010 000000000000000000000000000000000000000000000001000101001100000
1001101000011 000000000000000000000000000000000000000000000000001000010000000
1001101000011 000000000000000000100000000000000000000010000000000000000000000
1001101010000 100000000000000000000000000000000000000000000000000000000000000
1000101000010 000000000000000000000000000000000000000000000001000101001100000
1000101000011 000000000000000000000000000000000000000000000000001000010000000
1000101000011 001000000010000000100010000000000000000000000100000000000000000
1000101010000 100000000000000000000000000000000000000000000000000000000000000
1010101000010 000000000000000000000000000000000000000000000001000101001100000
1010101000011 000000000000000000000000000000000000000000000000001000010000000
1010101000011 001000000010000000011000000000000000000000000100000000000000000
1010101010000 100000000000000000000000000000000000000000000000000000000000000
1001100000010 000000000000000000000000000000000000000000000001000101001100000
1001100000011 000000000000000000000000000000000000000000000000001000010000000
1001100000011 001000000010000010000010000000000000000000000100000000000000000
1001100010000 100000000000000000000000000000000000000000000000000000000000000
1010100000010 000000000000000000000000000000000000000000000001000101001100000
1010100000011 000000000000000000000000000000000000000000000000001000010000000
1010100000011 001000000010000001001000000000000000000000000100000000000000000
1010100010000 100000000000000000000000000000000000000000000000000000000000000
