# Logisim PLA program table
xxxxxxxxx000 00000000000000000000000000000000000000000000001000101001100000
xxxxxxxxx001 00000000000000000000000000000000000000000000000001000010000000
101000000010 00000000000000000000000000000000000000000000001000101001100000
101000000011 01000000010000000000000100000001000010000000000001000010000001
101000000100 00000000000000001000000011000000000000000000000000000000000000
101001010010 00000000000000000000000000000000000000000000001000101001100000
101001010011 00000000000000000000000000000000000000000000000001000011111010
101001010100 01000000010000000010000100000001000010000000000000000000000001
101001010101 00000000000000000000010011000000000000000000000000000000000000
101010010010 00000000000000000000000000000000000000000000001000101001100000
101010010011 01000000010000000010000100000001000010000000000001000010000001
101010010100 00000000000000000000010011000000000000000000000000000000000000
101011010010 00000000000000000000000000000000000000000000001000101001100000
101011010011 00000000000000000000000100000000000010000000000001000010000001
101011010100 00000000000000000000000000000001000000000000001000100001100000
101011010101 00000000000000000000000000100000000000000000000000001001100100
101011010110 01000000010000000010000100000001000010000000000001000010000001
101011010111 00000000000000000000010011000000000000000000000000000000000000
101110010010 00000000000000000000000000000000000000000000001000101001100000
101110010011 00000000000100010000001000000001000010000000001001101011100001
101110010100 00000000000000000000000100100001000010000000000001000011000001
101110010101 00000000000001000000000011000000000000000000010000000000100000
101110010110 00000000000000000000000101000001000010000000000000000000000001
101110010111 01000000010000000000010011000000000000000000000000000000000000
101111010010 00000000000000000000000000000000000000000000001000101001100000
101111010011 00000000000000000000000100000000000010000000000001000010000001
101111010100 00000000000000000000000000000001000000000000001000100001100000
101111010101 00000000000000000000000000100000000000000000000000001001100100
101111010110 01000000010000000010000100000001000010000000000001000010000001
101111010111 00000000000000000000010011000000000000000000000000000000000000
